# Single SKU Max Power Table
# |CCK 1~11 | |    OFDM 6 ~ 54      | |             HT20 MCS 0 ~ 15                 | |             HT40 MCS 0 ~ 15                 |
ch1 18 18 18 18 12 12 12 12 12 12 12 12 10 10 10 10 10 10 10 10 10 10 10 10 10 10 10 10
ch2 20 20 20 20 18 18 18 18 18 18 17 17 15 15 15 15 15 15 15 15 15 15 15 15 15 15 15 15
ch3 18 18 18 18 12 12 12 12 12 12 12 12 10 10 10 10 10 10 10 10 10 10 10 10 10 10 10 10 7  7  7  7  7  7  7  7  7  7  7  7  7  7  7  7
ch4 20 20 20 20 18 18 18 18 18 18 17 17 15 15 15 15 15 15 15 15 15 15 15 15 15 15 15 15 10 10 10 10 10 10 10 10 10 10 10 10 10 10 10 10
ch5 20 20 20 20 18 18 18 18 18 18 17 17 15 15 15 15 15 15 15 15 15 15 15 15 15 15 15 15 10 10 10 10 10 10 10 10 10 10 10 10 10 10 10 10
ch6 20 20 20 20 18 18 18 18 18 18 17 17 15 15 15 15 15 15 15 15 15 15 15 15 15 15 15 15 10 10 10 10 10 10 10 10 10 10 10 10 10 10 10 10
ch7 20 20 20 20 18 18 18 18 18 18 17 17 15 15 15 15 15 15 15 15 15 15 15 15 15 15 15 15 10 10 10 10 10 10 10 10 10 10 10 10 10 10 10 10
ch8 20 20 20 20 18 18 18 18 18 18 17 17 15 15 15 15 15 15 15 15 15 15 15 15 15 15 15 15 10 10 10 10 10 10 10 10 10 10 10 10 10 10 10 10
ch9 16 16 16 16 11 11 11 11 11 11 11 11  8  8  8  8  8  8  8  8  8  8  8  8  8  8  8  8  6  6  6  6  6  6  6  6  6  6  6  6  6  6  6  6
ch10 20 20 20 20 18 18 18 18 18 18 17 17 15 15 15 15 15 15 15 15 15 15 15 15 15 15 15 15 
ch11 16 16 16 16 11 11 11 11 11 11 11 11  8  8  8  8  8  8  8  8  8  8  8  8  8  8  8  8 
ch12 
ch13 
ch14 
# End of Single SKU Table