# Single SKU Max Power Table
# |CCK 1~11 | |    OFDM 6 ~ 54      | |             HT20 MCS 0 ~ 15                 | |             HT40 MCS 0 ~ 15                 |
ch1 19 19 19 19 15 15 15 15 15 15 15 15 15 15 15 15 15 15 15 15 15 15 15 15 15 15 15 15
ch2 22 22 22 22 21 21 21 21 21 21 21 21 20 20 20 20 20 20 20 20 20 20 20 20 20 20 20 20
ch3 23 23 23 23 22 22 22 22 22 22 21 21 21 21 21 21 21 21 20 20 21 21 21 21 21 21 20 20 12 12 12 12 12 12 12 12 12 12 12 12 12 12 12 12 
ch4 23 23 23 23 22 22 22 22 22 22 21 21 21 21 21 21 21 21 20 20 21 21 21 21 21 21 20 20 14 14 14 14 14 14 14 14 14 14 14 14 14 14 14 14
ch5 23 23 23 23 22 22 22 22 22 22 21 21 21 21 21 21 21 21 20 20 21 21 21 21 21 21 20 20 15 15 15 15 15 15 15 15 15 15 15 15 15 15 15 15
ch6 23 23 23 23 22 22 22 22 22 22 21 21 21 21 21 21 21 21 20 20 21 21 21 21 21 21 20 20 15 15 15 15 15 15 15 15 15 15 15 15 15 15 15 15
ch7 23 23 23 23 22 22 22 22 22 22 21 21 21 21 21 21 21 21 20 20 21 21 21 21 21 21 20 20 15 15 15 15 15 15 15 15 15 15 15 15 15 15 15 15
ch8 23 23 23 23 22 22 22 22 22 22 21 21 21 21 21 21 21 21 20 20 21 21 21 21 21 21 20 20 14 14 14 14 14 14 14 14 14 14 14 14 14 14 14 14
ch9 23 23 23 23 22 22 22 22 22 22 21 21 21 21 21 21 21 21 20 20 21 21 21 21 21 21 20 20 12 12 12 12 12 12 12 12 12 12 12 12 12 12 12 12
ch10 22 22 22 22 21 21 21 21 21 21 21 21 20 20 20 20 20 20 20 20 20 20 20 20 20 20 20 20
ch11 19 19 19 19 19 19 19 19 19 19 19 19 16 16 16 16 16 16 16 16 16 16 16 16 16 16 16 16
ch12 
ch13 
ch14 
# End of Single SKU Table