# Single SKU Max Power Table
# |CCK 1~11 | |    OFDM 6 ~ 54      | |             HT20 MCS 0 ~ 15                 | |             HT40 MCS 0 ~ 15                 |
ch1 13 13 13 13 13 13 13 13 13 13 13 13 10 10 10 10 10 10 10 10 10 10 10 10 10 10 10 10
ch2 13 13 13 13 13 13 13 13 13 13 13 13 10 10 10 10 10 10 10 10 10 10 10 10 10 10 10 10
ch3 13 13 13 13 13 13 13 13 13 13 13 13 10 10 10 10 10 10 10 10 10 10 10 10 10 10 10 10 10 10 10 10 10 10 10 10 10 10 10 10 10 10 10 10 
ch4 13 13 13 13 13 13 13 13 13 13 13 13 10 10 10 10 10 10 10 10 10 10 10 10 10 10 10 10 10 10 10 10 10 10 10 10 10 10 10 10 10 10 10 10 
ch5 13 13 13 13 13 13 13 13 13 13 13 13 10 10 10 10 10 10 10 10 10 10 10 10 10 10 10 10 10 10 10 10 10 10 10 10 10 10 10 10 10 10 10 10 
ch6 13 13 13 13 13 13 13 13 13 13 13 13 10 10 10 10 10 10 10 10 10 10 10 10 10 10 10 10 10 10 10 10 10 10 10 10 10 10 10 10 10 10 10 10 
ch7 13 13 13 13 13 13 13 13 13 13 13 13 10 10 10 10 10 10 10 10 10 10 10 10 10 10 10 10 10 10 10 10 10 10 10 10 10 10 10 10 10 10 10 10 
ch8 13 13 13 13 13 13 13 13 13 13 13 13 10 10 10 10 10 10 10 10 10 10 10 10 10 10 10 10 10 10 10 10 10 10 10 10 10 10 10 10 10 10 10 10 
ch9 13 13 13 13 13 13 13 13 13 13 13 13 10 10 10 10 10 10 10 10 10 10 10 10 10 10 10 10 10 10 10 10 10 10 10 10 10 10 10 10 10 10 10 10 
ch10 13 13 13 13 13 13 13 13 13 13 13 13 10 10 10 10 10 10 10 10 10 10 10 10 10 10 10 10 10 10 10 10 10 10 10 10 10 10 10 10 10 10 10 10 
ch11 13 13 13 13 13 13 13 13 13 13 13 13 10 10 10 10 10 10 10 10 10 10 10 10 10 10 10 10 10 10 10 10 10 10 10 10 10 10 10 10 10 10 10 10 
ch12 13 13 13 13 13 13 13 13 13 13 13 13 10 10 10 10 10 10 10 10 10 10 10 10 10 10 10 10
ch13 13 13 13 13 13 13 13 13 13 13 13 13 10 10 10 10 10 10 10 10 10 10 10 10 10 10 10 10
ch14 
# End of Single SKU Table