# Single SKU Max Power Table
# |CCK 1~11 | |    OFDM 6 ~ 54      | |             HT20 MCS 0 ~ 15                 | |             HT40 MCS 0 ~ 15                 |
ch1 17 17 17 17 14 14 14 14 14 14 14 14 14 14 14 14 14 14 14 14 14 14 14 14 14 14 14 14
ch2 17 17 17 17 14 14 14 14 14 14 14 14 19 19 19 19 18 18 16 16 19 19 19 19 18 18 16 16
ch3 17 17 17 17 15 15 15 15 15 15 15 15 19 19 19 19 18 18 16 16 19 19 19 19 18 18 16 16 12 12 12 12 12 12 12 12 12 12 12 12 12 12 12 12
ch4 17 17 17 17 15 15 15 15 15 15 15 15 20 20 20 20 19 19 16 16 20 20 20 20 19 19 16 16 14 14 14 14 14 14 14 14 14 14 14 14 14 14 14 14
ch5 17 17 17 17 15 15 15 15 15 15 15 15 20 20 20 20 19 19 16 16 20 20 20 20 19 19 16 16 16 16 16 16 16 16 16 16 16 16 16 16 16 16 16 16
ch6 18 18 18 18 15 15 15 15 15 15 15 15 20 20 20 20 19 19 16 16 20 20 20 20 19 19 16 16 16 16 16 16 16 16 16 16 16 16 16 16 16 16 16 16
ch7 17 17 17 17 15 15 15 15 15 15 15 15 20 20 20 20 19 19 16 16 20 20 20 20 19 19 16 16 16 16 16 16 16 16 16 16 16 16 16 16 16 16 16 16
ch8 17 17 17 17 15 15 15 15 15 15 15 15 20 20 20 20 19 19 16 16 20 20 20 20 19 19 16 16 14 14 14 14 14 14 14 14 14 14 14 14 14 14 14 14
ch9 17 17 17 17 15 15 15 15 15 15 15 15 19 19 19 19 18 18 16 16 19 19 19 19 18 18 16 16 12 12 12 12 12 12 12 12 12 12 12 12 12 12 12 12
ch10 17 17 17 17 14 14 14 14 14 14 14 14 19 19 19 19 18 18 16 16 19 19 19 19 18 18 16 16
ch11 17 17 17 17 14 14 14 14 14 14 14 14 16 16 16 16 16 16 16 16 16 16 16 16 16 16 16 16 
ch12 
ch13 
ch14 
# End of Single SKU Table