# Single SKU Max Power Table
# |CCK 1~11 | |    OFDM 6 ~ 54      | |             HT20 MCS 0 ~ 15                 | |             HT40 MCS 0 ~ 15                 |
ch1 17 17 17 17 16 16 16 16 16 16 16 16 13 13 13 13 13 13 13 13 13 13 13 13 13 13 13 13
ch2 17 17 17 17 16 16 16 16 16 16 16 16 13 13 13 13 13 13 13 13 13 13 13 13 13 13 13 13
ch3 17 17 17 17 20 20 20 20 18 18 17 17 20 20 20 20 18 18 15 15 20 20 20 20 18 18 15 15 13 13 13 13 13 13 13 13 13 13 13 13 13 13 13 13
ch4 17 17 17 17 20 20 20 20 18 18 17 17 20 20 20 20 18 18 15 15 20 20 20 20 18 18 15 15 13 13 13 13 13 13 13 13 13 13 13 13 13 13 13 13
ch5 17 17 17 17 20 20 20 20 18 18 17 17 20 20 20 20 18 18 15 15 20 20 20 20 18 18 15 15 15 15 15 15 15 15 15 15 15 15 15 15 15 15 15 15
ch6 17 17 17 17 20 20 20 20 18 18 17 17 20 20 20 20 18 18 15 15 20 20 20 20 18 18 15 15 15 15 15 15 15 15 15 15 15 15 15 15 15 15 15 15
ch7 17 17 17 17 20 20 20 20 18 18 17 17 20 20 20 20 18 18 15 15 20 20 20 20 18 18 15 15 15 15 15 15 15 15 15 15 15 15 15 15 15 15 15 15
ch8 17 17 17 17 20 20 20 20 18 18 17 17 20 20 20 20 18 18 15 15 20 20 20 20 18 18 15 15 11 11 11 11 11 11 11 11 11 11 11 11 11 11 11 11
ch9 17 17 17 17 20 20 20 20 18 18 17 17 20 20 20 20 18 18 15 15 20 20 20 20 18 18 15 15 11 11 11 11 11 11 11 11 11 11 11 11 11 11 11 11
ch10 15 15 15 15 15 15 15 15 15 15 15 15 14 14 14 14 14 14 14 14 14 14 14 14 14 14 14 14
ch11 15 15 15 15 15 15 15 15 15 15 15 15 14 14 14 14 14 14 14 14 14 14 14 14 14 14 14 14
ch12 
ch13 
ch14 
# End of Single SKU Table