# Single SKU Max Power Table
  # |CCK 1~11  | |    OFDM 6 ~ 54      | |             HT20 MCS 0 ~ 15                 | |             HT40 MCS 0 ~ 15                  |
 ch1 20 20 20 20 14 14 14 14 14 14 14 14 14 14 14 14 14 14 14 14 14 14 14 14 14 14 14 14 
 ch2 20 20 20 20 14 14 14 14 14 14 14 14 14 14 14 14 14 14 14 14 14 14 14 14 14 14 14 14 
 ch3 20 20 20 20 21 21 21 21 20 20 19 19 21 21 21 21 20 20 19 19 21 21 21 21 20 20 19 19 11 11 11 11 11 11 11 11 11 11 11 11 11 11 11 11
 ch4 20 20 20 20 21 21 21 21 20 20 19 19 21 21 21 21 20 20 19 19 21 21 21 21 20 20 19 19 15 15 15 15 15 15 15 15 15 15 15 15 15 15 15 15
 ch5 20 20 20 20 21 21 21 21 20 20 19 19 21 21 21 21 20 20 19 19 21 21 21 21 20 20 19 19 16 16 16 16 16 16 16 16 16 16 16 16 16 16 16 16
 ch6 20 20 20 20 21 21 21 21 20 20 19 19 21 21 21 21 20 20 19 19 21 21 21 21 20 20 19 19 16 16 16 16 16 16 16 16 16 16 16 16 16 16 16 16
 ch7 20 20 20 20 21 21 21 21 20 20 19 19 21 21 21 21 20 20 19 19 21 21 21 21 20 20 19 19 16 16 16 16 16 16 16 16 16 16 16 16 16 16 16 16
 ch8 20 20 20 20 21 21 21 21 20 20 19 19 21 21 21 21 20 20 19 19 21 21 21 21 20 20 19 19 15 15 15 15 15 15 15 15 15 15 15 15 15 15 15 15
 ch9 20 20 20 20 21 21 21 21 20 20 19 19 21 21 21 21 20 20 19 19 21 21 21 21 20 20 19 19 11 11 11 11 11 11 11 11 11 11 11 11 11 11 11 11
ch10 19 19 19 19 14 14 14 14 14 14 14 14 13 13 13 13 13 13 13 13 13 13 13 13 13 13 13 13 
ch11 19 19 19 19 14 14 14 14 14 14 14 14 13 13 13 13 13 13 13 13 13 13 13 13 13 13 13 13 
ch12 
ch13 
ch14 
# End of Single SKU Table