# Single SKU Max Power Table 
#       OFDM 6 ~ 54       | |                HT20 MCS 0 ~ 15               | |                 HT40 MCS 0 ~ 15              | |      VHT80 MCS 0 ~ 8     | | 
ch36 17 17 17 17 17 17 17 17 18 18 18 18 17 17 16 16 18 18 18 18 17 17 16 16 16 16 16 16 16 16 16 16 16 16 16 16 16 16 16 16 15 15 15 15 15 15 15 15 15 15 
ch38 17 17 17 17 17 17 17 17 18 18 18 18 17 17 16 16 18 18 18 18 17 17 16 16 16 16 16 16 16 16 16 16 16 16 16 16 16 16 16 16 15 15 15 15 15 15 15 15 15 15 
ch40 17 17 17 17 17 17 17 17 18 18 18 18 17 17 16 16 18 18 18 18 17 17 16 16 18 18 18 18 17 17 16 16 18 18 18 18 17 17 16 16 15 15 15 15 15 15 15 15 15 15 
ch42 17 17 17 17 17 17 17 17 18 18 18 18 17 17 16 16 18 18 18 18 17 17 16 16 18 18 18 18 17 17 16 16 18 18 18 18 17 17 16 16 15 15 15 15 15 15 15 15 15 15 
ch44 17 17 17 17 17 17 17 17 18 18 18 18 17 17 16 16 18 18 18 18 17 17 16 16 18 18 18 18 17 17 16 16 18 18 18 18 17 17 16 16 15 15 15 15 15 15 15 15 15 15 
ch46 17 17 17 17 17 17 17 17 18 18 18 18 17 17 16 16 18 18 18 18 17 17 16 16 17 17 17 17 17 17 16 16 17 17 17 17 17 17 16 16 15 15 15 15 15 15 15 15 15 15
ch48 17 17 17 17 17 17 17 17 18 18 18 18 17 17 16 16 18 18 18 18 17 17 16 16 16 16 16 16 16 16 16 16 16 16 16 16 16 16 16 16 15 15 15 15 15 15 15 15 15 15
ch52 16 16 16 16 16 16 16 16 15 15 15 15 15 15 15 15 15 15 15 15 15 15 15 15 15 15 15 15 15 15 15 15 15 15 15 15 15 15 15 15 15 15 15 15 15 15 15 15 15 15 
ch54 19 19 19 19 18 18 16 16 15 15 15 15 15 15 15 15 15 15 15 15 15 15 15 15 15 15 15 15 15 15 15 15 15 15 15 15 15 15 15 15 15 15 15 15 15 15 15 15 15 15 
ch56 19 19 19 19 18 18 16 16 19 19 19 19 17 17 15 15 19 19 19 19 17 17 15 15 19 19 19 19 17 17 15 15 19 19 19 19 17 17 15 15 19 19 19 19 17 17 15 15 15 15
ch58 19 19 19 19 18 18 16 16 19 19 19 19 17 17 15 15 19 19 19 19 17 17 15 15 19 19 19 19 17 17 15 15 19 19 19 19 17 17 15 15 19 19 19 19 17 17 15 15 15 15
ch60 19 19 19 19 18 18 16 16 19 19 19 19 17 17 15 15 19 19 19 19 17 17 15 15 19 19 19 19 17 17 15 15 19 19 19 19 17 17 15 15 19 19 19 19 17 17 15 15 15 15
ch62 19 19 19 19 18 18 16 16 19 19 19 19 17 17 15 15 19 19 19 19 17 17 15 15 19 19 19 19 17 17 15 15 19 19 19 19 17 17 15 15 19 19 19 19 17 17 15 15 15 15
ch64 19 19 19 19 18 18 16 16 19 19 19 19 17 17 15 15 19 19 19 19 17 17 15 15 19 19 19 19 17 17 15 15 19 19 19 19 17 17 15 15 19 19 19 19 17 17 15 15 15 15
ch100 19 19 19 19 18 18 16 16 19 19 19 19 17 17 15 15 19 19 19 19 17 17 15 15 19 19 19 19 17 17 15 15 19 19 19 19 17 17 15 15 19 19 19 19 17 17 15 15 15 15
ch102 19 19 19 19 18 18 16 16 19 19 19 19 17 17 15 15 19 19 19 19 17 17 15 15 19 19 19 19 17 17 15 15 19 19 19 19 17 17 15 15 19 19 19 19 17 17 15 15 15 15
ch104 19 19 19 19 18 18 16 16 19 19 19 19 17 17 15 15 19 19 19 19 17 17 15 15 19 19 19 19 17 17 15 15 19 19 19 19 17 17 15 15 19 19 19 19 17 17 15 15 15 15
ch106 19 19 19 19 18 18 16 16 19 19 19 19 17 17 15 15 19 19 19 19 17 17 15 15 19 19 19 19 17 17 15 15 19 19 19 19 17 17 15 15 19 19 19 19 17 17 15 15 15 15
ch108 19 19 19 19 18 18 16 16 19 19 19 19 17 17 15 15 19 19 19 19 17 17 15 15 19 19 19 19 17 17 15 15 19 19 19 19 17 17 15 15 19 19 19 19 17 17 15 15 15 15
ch110 19 19 19 19 18 18 16 16 19 19 19 19 17 17 15 15 19 19 19 19 17 17 15 15 19 19 19 19 17 17 15 15 19 19 19 19 17 17 15 15 19 19 19 19 17 17 15 15 15 15
ch112 19 19 19 19 18 18 16 16 19 19 19 19 17 17 15 15 19 19 19 19 17 17 15 15 19 19 19 19 17 17 15 15 19 19 19 19 17 17 15 15 19 19 19 19 17 17 15 15 15 15
ch116 19 19 19 19 18 18 16 16 19 19 19 19 17 17 15 15 19 19 19 19 17 17 15 15 19 19 19 19 17 17 15 15 19 19 19 19 17 17 15 15 19 19 19 19 17 17 15 15 15 15
ch118 19 19 19 19 18 18 16 16 19 19 19 19 17 17 15 15 19 19 19 19 17 17 15 15 19 19 19 19 17 17 15 15 19 19 19 19 17 17 15 15 19 19 19 19 17 17 15 15 15 15
ch120 19 19 19 19 18 18 16 16 19 19 19 19 17 17 15 15 19 19 19 19 17 17 15 15 19 19 19 19 17 17 15 15 19 19 19 19 17 17 15 15 19 19 19 19 17 17 15 15 15 15
ch122 19 19 19 19 18 18 16 16 19 19 19 19 17 17 15 15 19 19 19 19 17 17 15 15 19 19 19 19 17 17 15 15 19 19 19 19 17 17 15 15 19 19 19 19 17 17 15 15 15 15
ch124 19 19 19 19 18 18 16 16 19 19 19 19 17 17 15 15 19 19 19 19 17 17 15 15 19 19 19 19 17 17 15 15 19 19 19 19 17 17 15 15 19 19 19 19 17 17 15 15 15 15
ch126 19 19 19 19 18 18 16 16 19 19 19 19 17 17 15 15 19 19 19 19 17 17 15 15 19 19 19 19 17 17 15 15 19 19 19 19 17 17 15 15 19 19 19 19 17 17 15 15 15 15
ch128 19 19 19 19 18 18 16 16 19 19 19 19 17 17 15 15 19 19 19 19 17 17 15 15 19 19 19 19 17 17 15 15 19 19 19 19 17 17 15 15 19 19 19 19 17 17 15 15 15 15
ch132 19 19 19 19 18 18 16 16 19 19 19 19 17 17 15 15 19 19 19 19 17 17 15 15 19 19 19 19 17 17 15 15 19 19 19 19 17 17 15 15 19 19 19 19 17 17 15 15 15 15
ch134 19 19 19 19 18 18 16 16 19 19 19 19 17 17 15 15 19 19 19 19 17 17 15 15 19 19 19 19 17 17 15 15 19 19 19 19 17 17 15 15 19 19 19 19 17 17 15 15 15 15
ch136 19 19 19 19 18 18 16 16 19 19 19 19 17 17 15 15 19 19 19 19 17 17 15 15 19 19 19 19 17 17 15 15 19 19 19 19 17 17 15 15 19 19 19 19 17 17 15 15 15 15
ch140 16 16 16 16 16 16 16 16 16 16 16 16 16 16 16 16 16 16 16 16 16 16 16 16 16 16 16 16 16 16 16 16 16 16 16 16 16 16 16 16 16 16 16 16 16 16 16 16 16 16
ch149 18 18 18 18 18 18 17 17 18 18 18 18 17 17 16 16 18 18 18 18 17 17 16 16 16 16 16 16 16 16 16 16 16 16 16 16 16 16 16 16 19 19 19 19 17 17 15 15 15 15
ch151 18 18 18 18 18 18 17 17 18 18 18 18 17 17 16 16 18 18 18 18 17 17 16 16 16 16 16 16 16 16 16 16 16 16 16 16 16 16 16 16 19 19 19 19 17 17 15 15 15 15
ch153 18 18 18 18 18 18 17 17 18 18 18 18 17 17 16 16 18 18 18 18 17 17 16 16 18 18 18 18 17 17 16 16 18 18 18 18 17 17 16 16 19 19 19 19 17 17 15 15 15 15
ch155 18 18 18 18 18 18 17 17 18 18 18 18 17 17 16 16 18 18 18 18 17 17 16 16 18 18 18 18 17 17 16 16 18 18 18 18 17 17 16 16 19 19 19 19 17 17 15 15 15 15
ch157 18 18 18 18 18 18 17 17 18 18 18 18 17 17 16 16 18 18 18 18 17 17 16 16 18 18 18 18 17 17 16 16 18 18 18 18 17 17 16 16 19 19 19 19 17 17 15 15 15 15
ch159 18 18 18 18 18 18 17 17 18 18 18 18 17 17 16 16 18 18 18 18 17 17 16 16 17 17 17 17 17 17 16 16 17 17 17 17 17 17 16 16 19 19 19 19 17 17 15 15 15 15
ch161 18 18 18 18 18 18 17 17 18 18 18 18 17 17 16 16 18 18 18 18 17 17 16 16 16 16 16 16 16 16 16 16 16 16 16 16 16 16 16 16 19 19 19 19 17 17 15 15 15 15
ch165 18 18 18 18 18 18 17 17 18 18 18 18 17 17 16 16 18 18 18 18 17 17 16 16 16 16 16 16 16 16 16 16 16 16 16 16 16 16 16 16 19 19 19 19 17 17 15 15 15 15
ch169 16 16 16 16 16 16 16 16 16 16 16 16 16 16 16 16 16 16 16 16 16 16 16 16 16 16 16 16 16 16 16 16 16 16 16 16 16 16 16 16 16 16 16 16 16 16 16 16 16 16
ch173 16 16 16 16 16 16 16 16 16 16 16 16 16 16 16 16 16 16 16 16 16 16 16 16 16 16 16 16 16 16 16 16 16 16 16 16 16 16 16 16 16 16 16 16 16 16 16 16 16 16
# End of Single SKU Table
