# Single SKU Max Power Table
# |CCK 1~11 | |    OFDM 6 ~ 54      | |             HT20 MCS 0 ~ 15                 | |             HT40 MCS 0 ~ 15                 |
ch1 22 22 21 21 23 23 23 23 22 22 21 21 24 24 23 23 22 22 21 21 24 24 23 23 22 22 21 21
ch2 22 22 21 21 24 24 23 23 22 22 21 21 24 24 23 23 22 22 21 21 24 24 23 23 22 22 21 21
ch3 22 22 21 21 24 24 23 23 22 22 21 21 24 24 23 23 22 22 21 21 24 24 23 23 22 22 21 21 24 24 23 23 22 22 21 21 23 23 23 23 22 22 21 21
ch4 22 22 21 21 24 24 23 23 22 22 21 21 24 24 23 23 22 22 21 21 24 24 23 23 22 22 21 21 24 24 23 23 22 22 21 21 24 24 23 23 22 22 21 21
ch5 22 22 21 21 24 24 23 23 22 22 21 21 24 24 23 23 22 22 21 21 24 24 23 23 22 22 21 21 24 24 23 23 22 22 21 21 24 24 23 23 22 22 21 21
ch6 22 22 21 21 24 24 23 23 22 22 21 21 24 24 23 23 22 22 21 21 24 24 23 23 22 22 21 21 24 24 23 23 22 22 21 21 24 24 23 23 22 22 21 21
ch7 22 22 21 21 24 24 23 23 22 22 21 21 24 24 23 23 22 22 21 21 24 24 23 23 22 22 21 21 24 24 23 23 22 22 21 21 24 24 23 23 22 22 21 21
ch8 22 22 21 21 24 24 23 23 22 22 21 21 24 24 23 23 22 22 21 21 24 24 23 23 22 22 21 21 24 24 23 23 22 22 21 21 24 24 23 23 22 22 21 21
ch9 22 22 21 21 24 24 23 23 22 22 21 21 24 24 23 23 22 22 21 21 24 24 23 23 22 22 21 21 24 24 23 23 22 22 21 21 24 24 23 23 22 22 21 21
ch10 22 22 21 21 24 24 23 23 22 22 21 21 24 24 23 23 22 22 21 21 24 24 23 23 22 22 21 21 
ch11 22 22 21 21 23 23 23 23 22 22 21 21 24 24 23 23 22 22 21 21 24 24 23 23 22 22 21 21
ch12 23 23 23 23 19 19 19 19 19 19 19 19 17 17 17 17 17 17 17 17 17 17 17 17 17 17 17 17
ch13 23 23 23 23 19 19 19 19 19 19 19 19 17 17 17 17 17 17 17 17 17 17 17 17 17 17 17 17
ch14 23 23 23 23
# End of Single SKU Table