# Single SKU Max Power Table
# |CCK 1~11 | |    OFDM 6 ~ 54      | |             HT20 MCS 0 ~ 15                 | |             HT40 MCS 0 ~ 15                 |
ch1 19 19 19 19 20 20 20 20 20 20 20 20 21 21 21 21 21 21 21 21 24 24 23 23 22 22 21 21
ch2 19 19 19 19 21 21 21 21 21 21 21 21 21 21 21 21 21 21 21 21 24 24 23 23 22 22 21 21
ch3 19 19 19 19 21 21 21 21 21 21 21 21 21 21 21 21 21 21 21 21 24 24 23 23 22 22 21 21 21 21 21 21 21 21 21 21 24 24 23 23 22 22 21 21
ch4 19 19 19 19 21 21 21 21 21 21 21 21 21 21 21 21 21 21 21 21 24 24 23 23 22 22 21 21 21 21 21 21 21 21 21 21 24 24 23 23 22 22 21 21
ch5 19 19 19 19 21 21 21 21 21 21 21 21 21 21 21 21 21 21 21 21 24 24 23 23 22 22 21 21 21 21 21 21 21 21 21 21 24 24 23 23 22 22 21 21
ch6 19 19 19 19 21 21 21 21 21 21 21 21 21 21 21 21 21 21 21 21 24 24 23 23 22 22 21 21 21 21 21 21 21 21 21 21 24 24 23 23 22 22 21 21
ch7 19 19 19 19 21 21 21 21 21 21 21 21 21 21 21 21 21 21 21 21 24 24 23 23 22 22 21 21 21 21 21 21 21 21 21 21 24 24 23 23 22 22 21 21
ch8 19 19 19 19 21 21 21 21 21 21 21 21 21 21 21 21 21 21 21 21 24 24 23 23 22 22 21 21 21 21 21 21 21 21 21 21 24 24 23 23 22 22 21 21
ch9 19 19 19 19 21 21 21 21 21 21 21 21 21 21 21 21 21 21 21 21 24 24 23 23 22 22 21 21 21 21 21 21 21 21 21 21 24 24 23 23 22 22 21 21
ch10 19 19 19 19 21 21 21 21 21 21 21 21 21 21 21 21 21 21 21 21 24 24 23 23 22 22 21 21 
ch11 19 19 19 19 20 20 20 20 20 20 20 20 21 21 21 21 21 21 21 21 24 24 23 23 22 22 21 21
ch12 23 23 23 23 19 19 19 19 19 19 19 19 17 17 17 17 17 17 17 17 17 17 17 17 17 17 17 17
ch13 23 23 23 23 19 19 19 19 19 19 19 19 17 17 17 17 17 17 17 17 17 17 17 17 17 17 17 17
ch14 23 23 23 23
# End of Single SKU Table