# Single SKU Max Power Table
# |CCK 1~11 | |    OFDM 6 ~ 54      | |             HT20 MCS 0 ~ 15                 | |             HT40 MCS 0 ~ 15                 |
ch1 18 18 18 18 17 17 17 17 17 17 17 17 16 16 16 16 16 16 16 16 19 19 19 19 19 19 19 19
ch2 20 20 20 20 21 21 21 21 21 21 21 21 21 21 21 21 21 21 21 21 24 24 23 23 22 22 21 21
ch3 20 20 20 20 17 17 17 17 17 17 17 17 16 16 16 16 16 16 16 16 19 19 19 19 19 19 19 19 14 14 14 14 14 14 14 14 16 16 16 16 16 16 16 16
ch4 20 20 20 20 21 21 21 21 21 21 21 21 21 21 21 21 21 21 21 21 24 24 23 23 22 22 21 21 21 21 21 21 21 21 21 21 24 24 23 23 22 22 21 21
ch5 20 20 20 20 21 21 21 21 21 21 21 21 21 21 21 21 21 21 21 21 24 24 23 23 22 22 21 21 21 21 21 21 21 21 21 21 24 24 23 23 22 22 21 21
ch6 20 20 20 20 21 21 21 21 21 21 21 21 21 21 21 21 21 21 21 21 24 24 23 23 22 22 21 21 21 21 21 21 21 21 21 21 24 24 23 23 22 22 21 21
ch7 20 20 20 20 21 21 21 21 21 21 21 21 21 21 21 21 21 21 21 21 24 24 23 23 22 22 21 21 21 21 21 21 21 21 21 21 24 24 23 23 22 22 21 21
ch8 20 20 20 20 21 21 21 21 21 21 21 21 21 21 21 21 21 21 21 21 24 24 23 23 22 22 21 21 21 21 21 21 21 21 21 21 24 24 23 23 22 22 21 21
ch9 18 18 18 18 15 15 15 15 15 15 15 15 16 16 16 16 16 16 16 16 19 19 19 19 19 19 19 19 13 13 13 13 13 13 13 13 16 16 16 16 16 16 16 16
ch10 20 20 20 20 21 21 21 21 21 21 21 21 21 21 21 21 21 21 21 21 24 24 23 23 22 22 21 21 
ch11 18 18 18 18 15 15 15 15 15 15 15 15 16 16 16 16 16 16 16 16 19 19 19 19 19 19 19 19
ch12 23 23 23 23 19 19 19 19 19 19 19 19 17 17 17 17 17 17 17 17 17 17 17 17 17 17 17 17
ch13 23 23 23 23 19 19 19 19 19 19 19 19 17 17 17 17 17 17 17 17 17 17 17 17 17 17 17 17
ch14 23 23 23 23
# End of Single SKU Table