# Single SKU Max Power Table
# |CCK 1~11 | |    OFDM 6 ~ 54      | |             HT20 MCS 0 ~ 15                 | |             HT40 MCS 0 ~ 15                 |
ch1 13 13 13 13 10 10 10 10 10 10 10 10 10 10 10 10 10 10 10 10 10 10 10 10 10 10 10 10
ch2 14 14 14 14 17 17 17 17 17 17 17 17 15 15 15 15 15 15 15 15 15 15 15 15 15 15 15 15
ch3 13 13 13 13 12 12 12 12 12 12 12 12 10 10 10 10 10 10 10 10 10 10 10 10 10 10 10 10 7  7  7  7  7  7  7  7  7  7  7  7  7  7  7  7
ch4 14 14 14 14 17 17 17 17 17 17 17 17 15 15 15 15 15 15 15 15 15 15 15 15 15 15 15 15 10 10 10 10 10 10 10 10 10 10 10 10 10 10 10 10
ch5 14 14 14 14 17 17 17 17 17 17 17 17 15 15 15 15 15 15 15 15 15 15 15 15 15 15 15 15 10 10 10 10 10 10 10 10 10 10 10 10 10 10 10 10
ch6 14 14 14 14 17 17 17 17 17 17 17 17 15 15 15 15 15 15 15 15 15 15 15 15 15 15 15 15 10 10 10 10 10 10 10 10 10 10 10 10 10 10 10 10
ch7 14 14 14 14 17 17 17 17 17 17 17 17 15 15 15 15 15 15 15 15 15 15 15 15 15 15 15 15 10 10 10 10 10 10 10 10 10 10 10 10 10 10 10 10
ch8 14 14 14 14 17 17 17 17 17 17 17 17 15 15 15 15 15 15 15 15 15 15 15 15 15 15 15 15 10 10 10 10 10 10 10 10 10 10 10 10 10 10 10 10
ch9 13 13 13 13  9  9  9  9  9  9  9  9  8  8  8  8  8  8  8  8  8  8  8  8  8  8  8  8  6  6  6  6  6  6  6  6  6  6  6  6  6  6  6  6
ch10 14 14 14 14 17 17 17 17 17 17 17 17 15 15 15 15 15 15 15 15 15 15 15 15 15 15 15 15 
ch11 13 13 13 13  9  9  9  9  9  9  9  9  8  8  8  8  8  8  8  8  8  8  8  8  8  8  8  8 
ch12 
ch13 
ch14 
# End of Single SKU Table