# Single SKU Max Power Table 
#       OFDM 6 ~ 54       | |                HT20 MCS 0 ~ 15               | |                 HT40 MCS 0 ~ 15              | |      VHT80 MCS 0 ~ 9     | | 
Band 1


Band 4
ch149 17 17 17 17 17 17 16 16 17 17 17 17 16 16 16 16 17 17 17 17 16 16 16 16 
ch151 17 17 17 17 17 17 16 16 17 17 17 17 16 16 16 16 17 17 17 17 16 16 16 16 17 17 17 17 16 16 16 16 17 17 17 17 16 16 16 16 
ch153 17 17 17 17 17 17 16 16 17 17 17 17 16 16 16 16 17 17 17 17 16 16 16 16 17 17 17 17 16 16 16 16 17 17 17 17 16 16 16 16 
ch155 17 17 17 17 17 17 16 16 17 17 17 17 16 16 16 16 17 17 17 17 16 16 16 16 17 17 17 17 16 16 16 16 17 17 17 17 16 16 16 16 17 17 17 17 17 17 17 17 17 17 
ch157 17 17 17 17 17 17 16 16 17 17 17 17 16 16 16 16 17 17 17 17 16 16 16 16 17 17 17 17 16 16 16 16 17 17 17 17 16 16 16 16 
ch159 17 17 17 17 17 17 16 16 17 17 17 17 16 16 16 16 17 17 17 17 16 16 16 16 17 17 17 17 16 16 16 16 17 17 17 17 16 16 16 16 
ch161 17 17 17 17 17 17 16 16 17 17 17 17 16 16 16 16 17 17 17 17 16 16 16 16 17 17 17 17 16 16 16 16 17 17 17 17 16 16 16 16
ch165 17 17 17 17 17 17 16 16 17 17 17 17 16 16 16 16 17 17 17 17 16 16 16 16 

# End of Single SKU Table
