# Single SKU Max Power Table 
#       OFDM 6 ~ 54       | |                HT20 MCS 0 ~ 15               | |                 HT40 MCS 0 ~ 15              | |      VHT80 MCS 0 ~ 9     | | 
Band 1
ch36 19 19 19 19 19 19 18 18 19 19 19 19 19 19 18 18 19 19 19 19 19 19 18 18 
ch38 21 21 21 21 21 21 20 20 21 21 21 21 21 21 20 20 21 21 21 21 21 21 20 20 18 18 18 18 18 18 18 18 18 18 18 18 18 18 18 18  
ch40 21 21 21 21 21 21 20 20 21 21 21 21 21 21 20 20 21 21 21 21 21 21 20 20 21 21 21 21 21 21 20 20 21 21 21 21 21 21 20 20  
ch42 21 21 21 21 21 21 20 20 21 21 21 21 21 21 20 20 21 21 21 21 21 21 20 20 21 21 21 21 21 21 20 20 21 21 21 21 21 21 20 20 17 17 17 17 17 17 17 17 17 17 
ch44 21 21 21 21 21 21 20 20 21 21 21 21 21 21 20 20 21 21 21 21 21 21 20 20 21 21 21 21 21 21 20 20 21 21 21 21 21 21 20 20  
ch46 21 21 21 21 21 21 20 20 21 21 21 21 21 21 20 20 21 21 21 21 21 21 20 20 21 21 21 21 21 21 20 20 21 21 21 21 21 21 20 20 
ch48 21 21 21 21 21 21 20 20 21 21 21 21 21 21 20 20 21 21 21 21 21 21 20 20 20 20 20 20 20 20 20 20 20 20 20 20 20 20 20 20 

Band 4
ch149 21 21 21 21 21 21 20 20 21 21 21 21 21 21 20 20 21 21 21 21 21 21 20 20 
ch151 21 21 21 21 21 21 20 20 21 21 21 21 21 21 20 20 21 21 21 21 21 21 20 20 19 19 19 19 19 19 19 19 19 19 19 19 19 19 19 19 
ch153 21 21 21 21 21 21 20 20 21 21 21 21 21 21 20 20 21 21 21 21 21 21 20 20 21 21 21 21 21 21 20 20 21 21 21 21 21 21 20 20 
ch155 21 21 21 21 21 21 20 20 21 21 21 21 21 21 20 20 21 21 21 21 21 21 20 20 21 21 21 21 21 21 20 20 21 21 21 21 21 21 20 20 19 19 19 19 19 19 19 19 19 19 
ch157 21 21 21 21 21 21 20 20 21 21 21 21 21 21 20 20 21 21 21 21 21 21 20 20 21 21 21 21 21 21 20 20 21 21 21 21 21 21 20 20 
ch159 21 21 21 21 21 21 20 20 21 21 21 21 21 21 20 20 21 21 21 21 21 21 20 20 21 21 21 21 21 21 20 20 21 21 21 21 21 21 20 20 
ch161 21 21 21 21 21 21 20 20 21 21 21 21 21 21 20 20 21 21 21 21 21 21 20 20 19 19 19 19 19 19 19 19 19 19 19 19 19 19 19 19 
ch165 19 19 19 19 19 19 18 18 20 20 20 20 20 20 19 19 20 20 20 20 20 20 19 19 

# End of Single SKU Table
