# Single SKU Max Power Table 
#       OFDM 6 ~ 54       | |                HT20 MCS 0 ~ 15               | |                 HT40 MCS 0 ~ 15              | |      VHT80 MCS 0 ~ 9     | | 
Band 1
 ch36 16 16 16 16 16 16 15 15 16 16 16 16 16 16 15 15 16 16 16 16 16 16 15 15 
 ch38 16 16 16 16 16 16 15 15 16 16 16 16 16 16 15 15 16 16 16 16 16 16 15 15 17 17 17 17 16 16 15 15 17 17 17 17 16 16 15 15 
 ch40 16 16 16 16 16 16 15 15 16 16 16 16 16 16 15 15 16 16 16 16 16 16 15 15 17 17 17 17 16 16 15 15 17 17 17 17 16 16 15 15 
 ch42 16 16 16 16 16 16 15 15 16 16 16 16 16 16 15 15 16 16 16 16 16 16 15 15 17 17 17 17 16 16 15 15 17 17 17 17 16 16 15 15 17 17 17 17 16 16 15 15 14 14 
 ch44 16 16 16 16 16 16 15 15 16 16 16 16 16 16 15 15 16 16 16 16 16 16 15 15 17 17 17 17 16 16 15 15 17 17 17 17 16 16 15 15 
 ch46 16 16 16 16 16 16 15 15 16 16 16 16 16 16 15 15 16 16 16 16 16 16 15 15 17 17 17 17 16 16 15 15 17 17 17 17 16 16 15 15 
 ch48 16 16 16 16 16 16 15 15 16 16 16 16 16 16 15 15 16 16 16 16 16 16 15 15 
Band 2
 ch52 16 16 16 16 16 16 15 15 16 16 16 16 16 16 15 15 16 16 16 16 16 16 15 15 
 ch54 16 16 16 16 16 16 15 15 16 16 16 16 16 16 15 15 16 16 16 16 16 16 15 15 17 17 17 17 16 16 15 15 17 17 17 17 16 16 15 15 
 ch56 16 16 16 16 16 16 15 15 16 16 16 16 16 16 15 15 16 16 16 16 16 16 15 15 17 17 17 17 16 16 15 15 17 17 17 17 16 16 15 15 
 ch58 16 16 16 16 16 16 15 15 16 16 16 16 16 16 15 15 16 16 16 16 16 16 15 15 17 17 17 17 16 16 15 15 17 17 17 17 16 16 15 15 17 17 17 17 16 16 15 15 14 14 
 ch60 16 16 16 16 16 16 15 15 16 16 16 16 16 16 15 15 16 16 16 16 16 16 15 15 17 17 17 17 16 16 15 15 17 17 17 17 16 16 15 15 
 ch62 16 16 16 16 16 16 15 15 16 16 16 16 16 16 15 15 16 16 16 16 16 16 15 15 17 17 17 17 16 16 15 15 17 17 17 17 16 16 15 15 
 ch64 16 16 16 16 16 16 15 15 16 16 16 16 16 16 15 15 16 16 16 16 16 16 15 15 
Band 3
ch100 22 22 22 22 22 22 20 20 22 22 22 22 22 22 20 20 22 22 22 22 22 22 20 20 
ch101 22 22 22 22 22 22 20 20 22 22 22 22 22 22 20 20 22 22 22 22 22 22 20 20 22 22 22 22 20 20 19 19 22 22 22 22 20 20 19 19 
ch104 22 22 22 22 22 22 20 20 22 22 22 22 22 22 20 20 22 22 22 22 22 22 20 20 22 22 22 22 20 20 19 19 22 22 22 22 20 20 19 19 
ch106 22 22 22 22 22 22 20 20 22 22 22 22 22 22 20 20 22 22 22 22 22 22 20 20 22 22 22 22 20 20 19 19 22 22 22 22 20 20 19 19 21 21 21 21 20 20 18 18 17 17 
ch108 22 22 22 22 22 22 20 20 22 22 22 22 22 22 20 20 22 22 22 22 22 22 20 20 22 22 22 22 20 20 19 19 22 22 22 22 20 20 19 19 21 21 21 21 20 20 18 18 17 17
ch112 22 22 22 22 22 22 20 20 22 22 22 22 22 22 20 20 22 22 22 22 22 22 20 20 22 22 22 22 20 20 19 19 22 22 22 22 20 20 19 19 21 21 21 21 20 20 18 18 17 17
ch114 22 22 22 22 22 22 20 20 22 22 22 22 22 22 20 20 22 22 22 22 22 22 20 20 22 22 22 22 20 20 19 19 22 22 22 22 20 20 19 19 21 21 21 21 20 20 18 18 17 17
ch116 22 22 22 22 22 22 20 20 22 22 22 22 22 22 20 20 22 22 22 22 22 22 20 20 22 22 22 22 20 20 19 19 22 22 22 22 20 20 19 19 21 21 21 21 20 20 18 18 17 17
ch120 22 22 22 22 22 22 20 20 22 22 22 22 22 22 20 20 22 22 22 22 22 22 20 20 22 22 22 22 20 20 19 19 22 22 22 22 20 20 19 19 21 21 21 21 20 20 18 18 17 17
ch122 22 22 22 22 22 22 20 20 22 22 22 22 22 22 20 20 22 22 22 22 22 22 20 20 22 22 22 22 20 20 19 19 22 22 22 22 20 20 19 19 21 21 21 21 20 20 18 18 17 17
ch124 22 22 22 22 22 22 20 20 22 22 22 22 22 22 20 20 22 22 22 22 22 22 20 20 22 22 22 22 20 20 19 19 22 22 22 22 20 20 19 19 21 21 21 21 20 20 18 18 17 17 
ch128 22 22 22 22 22 22 20 20 22 22 22 22 22 22 20 20 22 22 22 22 22 22 20 20 22 22 22 22 20 20 19 19 22 22 22 22 20 20 19 19 21 21 21 21 20 20 18 18 17 17
ch130 22 22 22 22 22 22 20 20 22 22 22 22 22 22 20 20 22 22 22 22 22 22 20 20 22 22 22 22 20 20 19 19 22 22 22 22 20 20 19 19 21 21 21 21 20 20 18 18 17 17
ch132 22 22 22 22 22 22 20 20 22 22 22 22 22 22 20 20 22 22 22 22 22 22 20 20 22 22 22 22 20 20 19 19 22 22 22 22 20 20 19 19 21 21 21 21 20 20 18 18 17 17
ch136 22 22 22 22 22 22 20 20 22 22 22 22 22 22 20 20 22 22 22 22 22 22 20 20 22 22 22 22 20 20 19 19 22 22 22 22 20 20 19 19
ch138 22 22 22 22 22 22 20 20 22 22 22 22 22 22 20 20 22 22 22 22 22 22 20 20 22 22 22 22 20 20 19 19 22 22 22 22 20 20 19 19
ch140 22 22 22 22 22 22 20 20 22 22 22 22 22 22 20 20 22 22 22 22 22 22 20 20
# End of Single SKU Table
