# Single SKU Max Power Table
# |CCK 1~11 | |    OFDM 6 ~ 54      | |             HT20 MCS 0 ~ 15                 | |             HT40 MCS 0 ~ 15                 |
ch1 21 21 21 21 20 20 20 20 20 20 20 20 19 19 19 19 19 19 19 19 19 19 19 19 19 19 19 19
ch2 23 23 22 22 24 24 23 23 22 22 21 21 24 24 23 23 22 22 21 21 24 24 23 23 22 22 21 21
ch3 23 23 21 21 20 20 20 20 20 20 20 20 19 19 19 19 19 19 19 19 19 19 19 19 19 19 19 19 17 17 17 17 17 16 16 16 16 16 16 16 16 16 16 16
ch4 23 23 22 22 24 24 23 23 22 22 21 21 24 24 23 23 22 22 21 21 24 24 23 23 22 22 21 21 24 24 23 23 22 22 21 21 24 24 23 23 22 22 21 21
ch5 23 23 22 22 24 24 23 23 22 22 21 21 24 24 23 23 22 22 21 21 24 24 23 23 22 22 21 21 24 24 23 23 22 22 21 21 24 24 23 23 22 22 21 21
ch6 23 23 22 22 24 24 23 23 22 22 21 21 24 24 23 23 22 22 21 21 24 24 23 23 22 22 21 21 24 24 23 23 22 22 21 21 24 24 23 23 22 22 21 21
ch7 23 23 22 22 24 24 23 23 22 22 21 21 24 24 23 23 22 22 21 21 24 24 23 23 22 22 21 21 24 24 23 23 22 22 21 21 24 24 23 23 22 22 21 21
ch8 23 23 22 22 24 24 23 23 22 22 21 21 24 24 23 23 22 22 21 21 24 24 23 23 22 22 21 21 24 24 23 23 22 22 21 21 24 24 23 23 22 22 21 21
ch9 21 21 21 21 18 18 18 18 18 18 18 18 19 19 19 19 19 19 19 19 19 19 19 19 19 19 19 19 16 16 16 16 16 16 16 16 16 16 16 16 16 16 16 16
ch10 23 23 22 22 24 24 23 23 22 22 21 21 24 24 23 23 22 22 21 21 24 24 23 23 22 22 21 21 
ch11 21 21 21 21 18 18 18 18 18 18 18 18 19 19 19 19 19 19 19 19 19 19 19 19 19 19 19 19
ch12 23 23 23 23 19 19 19 19 19 19 19 19 17 17 17 17 17 17 17 17 17 17 17 17 17 17 17 17
ch13 23 23 23 23 19 19 19 19 19 19 19 19 17 17 17 17 17 17 17 17 17 17 17 17 17 17 17 17
ch14 23 23 23 23
# End of Single SKU Table