# Single SKU Max Power Table
# |CCK 1~11 | |    OFDM 6 ~ 54      | |             HT20 MCS 0 ~ 15                 | |             HT40 MCS 0 ~ 15                 |
ch1 15 15 15 15 13 13 13 13 13 13 13 13 13 13 13 13 13 13 13 13 13 13 13 13 13 13 13 13 
ch2 16 16 16 16 16 16 16 16 16 16 15 15 16 16 16 16 16 16 15 15 16 16 16 16 16 16 15 15
ch3 15 15 15 15 13 13 13 13 13 13 13 13 13 13 13 13 13 13 13 13 13 13 13 13 13 13 13 13 13 13 13 13 13 13 13 13 13 13 13 13 13 13 13 13
ch4 16 16 16 16 16 16 16 16 16 16 15 15 16 16 16 16 16 16 15 15 16 16 16 16 16 16 15 15 24 24 23 23 22 22 21 21 24 24 23 23 22 22 21 21
ch5 16 16 16 16 16 16 16 16 16 16 15 15 16 16 16 16 16 16 15 15 16 16 16 16 16 16 15 15 24 24 23 23 22 22 21 21 24 24 23 23 22 22 21 21
ch6 16 16 16 16 16 16 16 16 16 16 15 15 16 16 16 16 16 16 15 15 16 16 16 16 16 16 15 15 24 24 23 23 22 22 21 21 24 24 23 23 22 22 21 21
ch7 16 16 16 16 16 16 16 16 16 16 15 15 16 16 16 16 16 16 15 15 16 16 16 16 16 16 15 15 24 24 23 23 22 22 21 21 24 24 23 23 22 22 21 21
ch8 16 16 16 16 16 16 16 16 16 16 15 15 16 16 16 16 16 16 15 15 16 16 16 16 16 16 15 15 24 24 23 23 22 22 21 21 24 24 23 23 22 22 21 21
ch9 15 15 15 15 13 13 13 13 13 13 13 13 13 13 13 13 13 13 13 13 13 13 13 13 13 13 13 13 13 13 13 13 13 13 13 13 13 13 13 13 13 13 13 13
ch10 16 16 16 16 16 16 16 16 16 16 15 15 16 16 16 16 16 16 15 15 16 16 16 16 16 16 15 15 
ch11 15 15 15 15 13 13 13 13 13 13 13 13 13 13 13 13 13 13 13 13 13 13 13 13 13 13 13 13
ch12 
ch13 
ch14 
# End of Single SKU Table