# Single SKU Max Power Table (unit is 1 dBm)                                                   
# 2.4G Channel CCK    OFDM        VHT20          VHT40          Txstream_Delta                  
Band: 2.4G CCK_1M CCK_2M CCK_5.5M CCK_11M OFDM_6M OFDM_9M OFDM_12M OFDM_10M OFDM_24M OFDM_36M OFDM_48M OFDM_54M VHT20_MCS0 VHT20_MCS1 VHT20_MCS2 VHT20_MCS3 VHT20_MCS4 VHT20_MCS5 VHT20_MCS6 VHT20_MCS7 VHT20_MCS8 VHT20_MCS9 VHT40_MCS0 VHT40_MCS1 VHT40_MCS2 VHT40_MCS3 VHT40_MCS4 VHT40_MCS5 VHT40_MCS6 VHT40_MCS7 VHT40_MCS8 VHT40_MCS9 Txstream_3T Txstream_2T Txstream_1T                
Ch1 11  11  14  14  14  14 14 14 14  14  14  14 14 14 15 15  15  15  15 15 15 0 0 0                
Ch2 11  11  14  14  14  14 14 14 14  14  14  14 14 14 15 15  15  15  15 15 15 0 0 0                
Ch3 11  11  14  14  14  14 14 14 14  14  14  14 14 14 15 15  15  15  15 15 15 0 0 0                
Ch4 11  11  14  14  14  14 14 14 14  14  14  14 14 14 15 15  15  15  15 15 15 0 0 0                
Ch5 11  11  14  14  14  14 14 14 14  14  14  14 14 14 15 15  15  15  15 15 15 0 0 0                
Ch6 11  11  14  14  14  14 14 14 14  14  14  14 14 14 15 15  15  15  15 15 15 0 0 0                
Ch7 11  11  14  14  14  14 14 14 14  14  14  14 14 14 15 15  15  15  15 15 15 0 0 0                
Ch8 11  11  14  14  14  14 14 14 14  14  14  14 14 14 15 15  15  15  15 15 15 0 0 0                
Ch9 11  11  14  14  14  14 14 14 14  14  14  14 14 14 15 15  15  15  15 15 15 0 0 0                
Ch10 11  11  14  14  14  14 14 14 14  14  14  14 14 14 15 15  15  15  15 15 15 0 0 0                
Ch11 11  11  14  14  14  14 14 14 14  14  14  14 14 14 15 15  15  15  15 15 15 0 0 0                
Ch12 11  11  14  14  14  14 14 14 14  14  14  14 14 14 15 15  15  15  15 15 15 0 0 0                
Ch13 11  11  14  14  14  14 14 14 14  14  14  14 14 14 15 15  15  15  15 15 15 0 0 0                
Ch14 11  11  14  14  14  14 14 14 14  14  14  14 14 14 15 15  15  15  15 15 15 0 0 0                
                                                   
# 5G Channel OFDM        VHT20          VHT40          VHT80          VHT160          Txstream_Delta  
Band: 5G OFDM_6M OFDM_9M OFDM_12M OFDM_10M OFDM_24M OFDM_36M OFDM_48M OFDM_54M VHT20_MCS0 VHT20_MCS1 VHT20_MCS2 VHT20_MCS3 VHT20_MCS4 VHT20_MCS5 VHT20_MCS6 VHT20_MCS7 VHT20_MCS8 VHT20_MCS9 VHT40_MCS0 VHT40_MCS1 VHT40_MCS2 VHT40_MCS3 VHT40_MCS4 VHT40_MCS5 VHT40_MCS6 VHT40_MCS7 VHT40_MCS8 VHT40_MCS9 VHT80_MCS0 VHT80_MCS1 VHT80_MCS2 VHT80_MCS3 VHT80_MCS4 VHT80_MCS5 VHT80_MCS6 VHT80_MCS7 VHT80_MCS8 VHT80_MCS9 VHT160_MCS0 VHT160_MCS1 VHT160_MCS2 VHT160_MCS3 VHT160_MCS4 VHT160_MCS5 VHT160_MCS6 VHT160_MCS7 VHT160_MCS8 VHT160_MCS9 Txstream_3T Txstream_2T Txstream_1T
Ch104 12  12  12  12 12 12 12  12  12  12 12 12 11 11  11  11  11 11 11 10 10  10  10  10 10 10 10 10  10  10  10 10 10 0 0 0
Ch108 12  12  12  12 12 12 12  12  12  12 12 12 11 11  11  11  11 11 11 10 10  10  10  10 10 10 10 10  10  10  10 10 10 0 0 0
Ch102 12  12  12  12 12 12 12  12  12  12 12 12 11 11  11  11  11 11 11 10 10  10  10  10 10 10 10 10  10  10  10 10 10 0 0 0
Ch106 12  12  12  12 12 12 12  12  12  12 12 12 11 11  11  11  11 11 11 10 10  10  10  10 10 10 10 10  10  10  10 10 10 0 0 0
Ch8 12  12  12  12 12 12 12  12  12  12 12 12 11 11  11  11  11 11 11 10 10  10  10  10 10 10 10 10  10  10  10 10 10 0 0 0
Ch12 12  12  12  12 12 12 12  12  12  12 12 12 11 11  11  11  11 11 11 10 10  10  10  10 10 10 10 10  10  10  10 10 10 0 0 0
Ch16 12  12  12  12 12 12 12  12  12  12 12 12 11 11  11  11  11 11 11 10 10  10  10  10 10 10 10 10  10  10  10 10 10 0 0 0
Ch36 12  12  12  12 12 12 12  12  12  12 12 12 11 11  11  11  11 11 11 10 10  10  10  10 10 10 10 10  10  10  10 10 10 0 0 0
Ch40 12  12  12  12 12 12 12  12  12  12 12 12 11 11  11  11  11 11 11 10 10  10  10  10 10 10 10 10  10  10  10 10 10 0 0 0
Ch44 12  12  12  12 12 12 12  12  12  12 12 12 11 11  11  11  11 11 11 10 10  10  10  10 10 10 10 10  10  10  10 10 10 0 0 0
Ch48 12  12  12  12 12 12 12  12  12  12 12 12 11 11  11  11  11 11 11 10 10  10  10  10 10 10 10 10  10  10  10 10 10 0 0 0
Ch52 12  12  12  12 12 12 12  12  12  12 12 12 11 11  11  11  11 11 11 10 10  10  10  10 10 10 10 10  10  10  10 10 10 0 0 0
Ch56 12  12  12  12 12 12 12  12  12  12 12 12 11 11  11  11  11 11 11 10 10  10  10  10 10 10 10 10  10  10  10 10 10 0 0 0
Ch60 12  12  12  12 12 12 12  12  12  12 12 12 11 11  11  11  11 11 11 10 10  10  10  10 10 10 10 10  10  10  10 10 10 0 0 0
Ch64 12  12  12  12 12 12 12  12  12  12 12 12 11 11  11  11  11 11 11 10 10  10  10  10 10 10 10 10  10  10  10 10 10 0 0 0
Ch68 16  16  16  16 16 16 16  16  16  16 16 16 15 15  15  15  15 15 15 15 15  15  15  15 15 15 10 10  10  10  10 10 10 0 0 0
Ch72 16  16  16  16 16 16 16  16  16  16 16 16 15 15  15  15  15 15 15 15 15  15  15  15 15 15 10 10  10  10  10 10 10 0 0 0
Ch76 16  16  16  16 16 16 16  16  16  16 16 16 15 15  15  15  15 15 15 15 15  15  15  15 15 15 10 10  10  10  10 10 10 0 0 0
Ch80 16  16  16  16 16 16 16  16  16  16 16 16 15 15  15  15  15 15 15 15 15  15  15  15 15 15 10 10  10  10  10 10 10 0 0 0
Ch84 16  16  16  16 16 16 16  16  16  16 16 16 15 15  15  15  15 15 15 15 15  15  15  15 15 15 10 10  10  10  10 10 10 0 0 0
Ch88 16  16  16  16 16 16 16  16  16  16 16 16 15 15  15  15  15 15 15 15 15  15  15  15 15 15 10 10  10  10  10 10 10 0 0 0
Ch92 16  16  16  16 16 16 16  16  16  16 16 16 15 15  15  15  15 15 15 15 15  15  15  15 15 15 10 10  10  10  10 10 10 0 0 0
Ch96 16  16  16  16 16 16 16  16  16  16 16 16 15 15  15  15  15 15 15 15 15  15  15  15 15 15 10 10  10  10  10 10 10 0 0 0
Ch100 16  16  16  16 16 16 16  16  16  16 16 16 15 15  15  15  15 15 15 15 15  15  15  15 15 15 10 10  10  10  10 10 10 0 0 0
Ch104 16  16  16  16 16 16 16  16  16  16 16 16 15 15  15  15  15 15 15 15 15  15  15  15 15 15 10 10  10  10  10 10 10 0 0 0
Ch108 16  16  16  16 16 16 16  16  16  16 16 16 15 15  15  15  15 15 15 15 15  15  15  15 15 15 10 10  10  10  10 10 10 0 0 0
Ch112 16  16  16  16 16 16 16  16  16  16 16 16 15 15  15  15  15 15 15 15 15  15  15  15 15 15 10 10  10  10  10 10 10 0 0 0
Ch116 16  16  16  16 16 16 16  16  16  16 16 16 15 15  15  15  15 15 15 15 15  15  15  15 15 15 10 10  10  10  10 10 10 0 0 0
Ch120 16  16  16  16 16 16 16  16  16  16 16 16 15 15  15  15  15 15 15 15 15  15  15  15 15 15 10 10  10  10  10 10 10 0 0 0
Ch124 16  16  16  16 16 16 16  16  16  16 16 16 15 15  15  15  15 15 15 15 15  15  15  15 15 15 10 10  10  10  10 10 10 0 0 0
Ch128 16  16  16  16 16 16 16  16  16  16 16 16 15 15  15  15  15 15 15 15 15  15  15  15 15 15 10 10  10  10  10 10 10 0 0 0
Ch132 16  16  16  16 16 16 16  16  16  16 16 16 15 15  15  15  15 15 15 15 15  15  15  15 15 15 10 10  10  10  10 10 10 0 0 0
Ch136 16  16  16  16 16 16 16  16  16  16 16 16 15 15  15  15  15 15 15 15 15  15  15  15 15 15 10 10  10  10  10 10 10 0 0 0
Ch140 16  16  16  16 16 16 16  16  16  16 16 16 15 15  15  15  15 15 15 15 15  15  15  15 15 15 10 10  10  10  10 10 10 0 0 0
Ch144 16  16  16  16 16 16 16  16  16  16 16 16 15 15  15  15  15 15 15 15 15  15  15  15 15 15 10 10  10  10  10 10 10 0 0 0
Ch149 16  16  16  16 16 16 16  16  16  16 16 16 15 15  15  15  15 15 15 15 15  15  15  15 15 15 10 10  10  10  10 10 10 0 0 0
Ch153 16  16  16  16 16 16 16  16  16  16 16 16 15 15  15  15  15 15 15 15 15  15  15  15 15 15 10 10  10  10  10 10 10 0 0 0
Ch157 16  16  16  16 16 16 16  16  16  16 16 16 15 15  15  15  15 15 15 15 15  15  15  15 15 15 10 10  10  10  10 10 10 0 0 0
Ch161 16  16  16  16 16 16 16  16  16  16 16 16 15 15  15  15  15 15 15 15 15  15  15  15 15 15 10 10  10  10  10 10 10 0 0 0
Ch165 16  16  16  16 16 16 16  16  16  16 16 16 15 15  15  15  15 15 15 15 15  15  15  15 15 15 10 10  10  10  10 10 10 0 0 0
Ch169 16  16  16  16 16 16 16  16  16  16 16 16 15 15  15  15  15 15 15 15 15  15  15  15 15 15 10 10  10  10  10 10 10 0 0 0
Ch173 16  16  16  16 16 16 16  16  16  16 16 16 15 15  15  15  15 15 15 15 15  15  15  15 15 15 10 10  10  10  10 10 10 0 0 0
Ch177 16  16  16  16 16 16 16  16  16  16 16 16 15 15  15  15  15 15 15 15 15  15  15  15 15 15 10 10  10  10  10 10 10 0 0 0
Ch101 16  16  16  16 16 16 16  16  16  16 16 16 15 15  15  15  15 15 15 15 15  15  15  15 15 15 10 10  10  10  10 10 10 0 0 0
